-2173519 -3128418
400
3205257 9092678 4308384 8566403
-3562283 -3032463 5397063 1013909
9038839 7181973 2735251 -9840531
9909938 -4566399 7430139 6695150
6400768 -7590896 3199017 -1112353
-9454425 -6942523 1141199 -28687
-4746336 3101239 3078590 -1758965
-2501927 -4799111 -4173680 5322942
9456877 -4020005 7513301 -4745710
-6142908 1550293 -7266454 6464287
-9353195 -9846277 -3933798 -3689538
4625353 -7515871 9567931 -6747336
8267004 513792 126724 -7483196
7248929 -9362862 -5151018 386224
-6814659 2984463 -5632715 -2351089
-4241180 2527343 541904 -835081
-3833151 9033556 9489685 -695612
-3668692 -5897485 -1608286 -4813873
-3787288 7550870 -7981158 -6083678
-4796538 -7642813 -1419627 -6077792
-7343603 -1021431 2079637 6951493
-9619037 -6572309 4357669 -2994939
9691538 -6568401 -6643506 1864173
-9520868 4566632 8117449 -1341458
-3550520 -4001615 -8494459 -1557394
-3217469 8710334 -1147549 2920795
-5618906 -1434338 1469923 -3239755
-7181241 -5660312 -341755 6533407
-5995930 -9092467 -7737244 -3563543
9886425 -6596177 2092049 -6922437
5074591 2080537 -9723100 1566656
2409569 -9136185 9105761 -8026538
-5171462 3561352 1028673 3516083
-1843680 -3273236 -8829493 837711
-6801948 -239500 -6214712 2351347
6049791 5994491 -7730854 -309646
-20476 -2871227 -5134940 2655870
4699401 -3255254 -8565899 -2910228
-3255633 -7978367 -3251245 9948417
-2039048 -874 3374661 -1393813
-1591302 -8906205 -1198657 182170
9914099 7366533 -4429597 4083128
3474309 -2538752 2339765 -6337443
2388557 6357843 -6474159 -2231617
-7170911 -309036 1066672 4254678
7998063 75769 2834061 2863823
7638836 -2560290 -2649377 -7146435
4828831 -6778424 -4328140 6651990
-8934162 6172528 -3262205 -8616718
7414684 -1448542 -5003823 8575931
3249918 4960644 -4939510 4505800
-8493322 -6480579 7629804 -6634111
7186667 1034802 3850143 3277418
334777 1027324 -1822015 -5890326
2990524 -6278818 4399056 -1973659
-4445575 -7480934 -4021942 8091717
-7140160 4269058 -1377204 -8453416
160656 7691121 2826774 -9520402
3737906 -6422892 3886577 4555166
-5200296 3384121 -5671424 -100954
8525863 1921926 8695005 1802068
-4663905 3586789 5992508 6037874
-6514861 -2229538 -3347777 8533442
7725787 303253 7450803 4538590
6625177 -7289068 644565 -5474867
4186443 -9544528 2799403 5876288
9679673 -7986961 7617337 -2026302
8859002 78467 -5834442 -9200891
4905447 -9944667 -7006968 5237278
-9909546 -5062491 1368512 8199706
8072441 4786906 3957604 -6239405
8135774 6097498 -9343903 -4192736
7196022 7862419 -1479311 7190717
-9920765 1422882 -1828317 8087802
458616 -3996356 7042912 -8597629
-6002725 -1303161 -7363411 9196871
-5632800 -3175149 1314253 3222180
-8131282 3345257 3919907 1641108
-8079439 -4074659 9472702 -6706660
9064410 -846947 5827784 1850521
-765833 7895637 8352894 9872606
-9538720 7537908 7069635 2642225
621051 -2736426 -3269906 9960222
-3589744 948964 -4126317 -2265359
-8969905 4986311 -6636505 -3726801
9357849 4703866 4879451 -6441751
-9841958 1931052 451361 -6072305
-8389284 -2587231 -2009174 -5148068
2655703 -2562604 9722397 -9742713
7973115 5938067 8979508 1552817
6111712 1988635 2977691 9691435
3157190 8064441 -809318 248647
-3040229 -4709274 -9294670 2919070
-2889269 -1360525 -3458497 4894921
-5769302 582438 5758326 7516060
5264524 -8763039 7880760 907020
-8930306 3471509 4262380 -8917113
-1695820 6180229 4505477 5496302
-307115 439085 -9740812 6290331
2650879 -8101429 -9412693 886502
4201106 -1864019 -9500907 -9355314
7546598 2439927 9439041 5174932
2029759 -1553302 -6493188 -3908927
5712295 -1966642 -3967246 -9296694
6971010 2477852 4984943 -7438541
4012453 3752952 -8954111 1501416
3805706 -9682551 -1984467 -2855914
7793768 7286245 1301262 4864394
1888052 4783482 -1953729 5639737
5983990 1819315 4874821 -7409276
-6982838 2985153 1085731 3839795
-3296308 4378377 7242096 7849140
308890 -1658448 3971201 784925
-832078 1419150 1179154 -7154979
-4133710 4708999 -663738 2959348
-8665455 4706698 -1496636 4994340
-5951545 -1105583 7667816 7804492
7170589 -9704081 7952157 -440202
8554977 7464095 -640366 -9338469
-3814581 1934125 2590364 -6952837
-7899568 2708030 5750506 814720
6442977 6177436 -8515962 3198512
-1111073 -3546763 2178167 2835602
575390 -8755327 -1331307 1250513
7889718 -6738843 9649001 434728
4129186 -9927197 -8373292 -45960
-8382423 -9861128 7776264 -6176166
-9178200 -427139 -9868422 3723966
2304867 -3252697 353261 4253717
7627250 -9965388 8689454 -2052596
-652611 -4552289 -8940771 -4886420
3958214 -7787671 -3895693 -5105768
9210283 1302837 -3332473 -883305
-698788 5544905 -9689735 -5476681
5924004 9929138 -8982856 5715984
-6743860 -7317643 -338901 -7190773
7956703 -6032591 2801227 1609811
-3806245 -914226 -7669679 3217411
-8688264 -3576110 -391015 8872171
7797384 -1040782 -5473981 -3946242
9659940 1184196 1556749 -1636605
9859919 8320034 2708278 -9971284
-2181681 -3759402 -2285801 7269772
-6243255 -7060965 -836902 -7987227
1562850 -5178278 9411248 4538247
5543723 2288251 -431642 3499735
-8264124 -1250104 3485807 -2441515
-4142082 7631936 3770035 4660482
-7541742 701816 2045910 6925863
-1647665 -8673223 1219456 3048971
-9995555 -3445999 -8368270 9550422
-2705544 -2807615 -3766066 3803567
5348833 -5218168 -2919304 -6361605
7420643 -9564097 1876738 -4038901
-147460 9158679 8990402 7533412
-8527005 -7678820 -6832605 9804958
5771676 7158554 8395822 4591925
-5799376 -2967199 -130667 5110677
-2809502 -6515252 5895171 -4083309
-7429940 6405066 -7634117 -5849508
-7343054 571008 -1415648 46719
9474899 -5831170 -4852206 5860363
8887532 691272 -8029548 -4723105
8166375 -5548919 3138937 2863652
-6249929 -2533888 2332075 3498021
1507024 3781439 -9327906 -1792372
7767665 5288915 -551530 -1238918
-1192025 9951123 -6457054 5207046
1476198 2156539 -9660297 -8234208
7868772 -9212582 985191 3069426
2529776 -3259568 -2718826 5043954
3922107 -9935916 -8399501 -2128168
-6590366 -2428577 -1964428 170067
4670784 7162819 9606454 9836178
6185090 -7173086 9933467 4759235
9607121 1861835 -3331002 7988692
2041895 -7613030 -8087693 8995791
-8389246 7185573 2735284 4772951
-1604392 8503669 -1703528 -2431229
9645922 -4094255 -4457491 -1530484
-5192637 -8710922 -8644033 -5873218
8600596 7241060 7033393 -875493
2825650 -3942805 -7029525 5584277
2942846 -7963461 5122553 9565576
5987117 -9679928 -700455 309159
-5454468 -6548924 -6319829 -1925089
4335768 6431044 6765700 8918158
3785680 -4045176 2895782 -1295742
7449907 -6106769 1732277 -6877205
2627465 -7194647 1426849 9521645
5546920 -2166687 -4739398 3335197
1312832 -9869141 -6730676 507130
3246913 9793045 -4157594 -6509465
-9958302 -4875986 -6898565 6961876
1148454 9618740 6077429 3237889
2324845 -7438170 -362166 -838610
-6916005 -1157649 916986 -7559161
-361513 -2364968 3243496 -3329248
1101378 573667 366603 -7206034
-7595017 -2401957 6380796 -6206941
-9770441 -4364070 -6216384 6326342
3077750 301100 -430971 -3628219
-7299233 6967153 -1660565 -404532
-3693473 -4381940 9468146 4316586
-729621 2013061 -2173559 -9959175
3441593 -7812795 -8118042 9316717
7675469 -3843347 -8635761 6037526
-3260170 -6942148 1909711 3606209
3579541 -1081977 7290060 8918007
9016268 -1725152 1532067 -5746047
-415556 1882296 4333561 -6658536
-5729623 -1081159 4113011 -5651872
1172182 -7503678 -2479816 -5533624
-3080618 -5162763 4866614 928822
-7786135 -9577836 -7829650 -7277367
-325754 4316625 -2489009 -7860887
5185144 -5852712 -5222131 397021
4381405 6856762 -6930293 2909283
9148445 -4591062 9896013 -3005804
694277 -8073946 -3988524 5373905
2141644 3533663 -6649446 -9568483
-9880794 6355843 7743336 1006234
6157659 -7752291 1757367 -7298726
-1771964 76447 1985495 -512971
3217778 3342580 -2417727 5211988
742849 645046 7663849 657184
2482299 7116681 -1196573 962594
-4526628 -9293603 -3143976 8218558
8521148 -1405784 -3081460 -5742291
5174270 -2712184 -7941958 8303901
99615 8009762 5304219 7522894
3703493 -8687134 -6667743 4521186
6472709 1033617 -6470441 5536814
2633472 2140962 5120703 -774957
-6116154 -4595396 -1285383 8942296
520987 -6038890 8526837 -9579551
-7742847 -6771054 -5452553 813726
-3736437 -4098897 -8922072 -6281629
-9130761 -4603751 -5407039 -3348257
3487499 -2025027 -9820746 108277
7467817 -2088621 29905 -965775
6680895 -7220292 6897123 2170363
3810973 -6345407 5104952 -2349281
343921 9402116 9544076 3758667
2390361 6838745 -8626911 -4634296
-6755435 -843934 -9338825 -8320592
-2847503 8434425 5242194 -8010213
-1433010 -3514636 6655517 2206073
-2483623 -256481 5198218 -9378308
-4614173 1891414 8781726 8106470
-9469342 -3189496 -1327253 -5826136
-8142176 -3434759 5245896 4816601
-3188574 2360075 -6664882 -676006
-9036795 7803443 -8399562 8294587
-5795809 7257387 -1344115 5705209
-243808 1109769 2448922 -2602839
-1746823 -7365093 -1892494 -9598232
1224969 -9757175 -6143983 5475767
3720351 7178078 -2596088 4638922
-6882791 -7643632 4661906 -7269248
8196595 5416117 9473095 -4633100
6925983 3154222 -4932372 7531293
6526898 1270121 4986015 -110925
-4093029 -4931735 3843474 8729778
5611501 8609451 -5874057 -7975074
2246067 -7588218 497685 -3373309
3542643 -3250670 4152972 2876916
5648853 9014627 6819351 -9137069
-9482391 8265638 3170218 -1032069
-193464 -6936558 -8665340 1601254
4499561 -136799 3028542 -2493504
4448018 -9977773 -7702517 8322641
-1837460 -712021 7564177 -2520224
8067611 -729294 -2912172 -9547100
7497386 -9820284 198864 -9307251
-1686809 4129669 3086592 916312
-7070194 1271965 8775038 -9455078
7457289 -5605658 1087673 3473079
485599 1116870 6772717 -2556005
7544904 -6721681 8415873 8109793
-2674621 -932865 -5841651 -5309070
-4558764 -9246618 2275405 -7386336
-8119499 6615738 -5840366 -443992
-7145125 -680302 1362772 -1351048
4831049 570018 -7315403 6394925
7927049 4995279 -1344535 8572321
-619331 3077466 -187299 8819548
5225702 3739115 4813924 -2580069
1367326 -904352 -1522059 -7122284
462633 -4912475 -3548065 3704927
556952 -1313488 2242848 -5260503
2339502 -3013846 -5786883 -5964993
-9610614 1149272 -9191136 -7194612
-6648560 -8346185 3472840 -1211346
-8884821 -8816554 4814772 2651381
2104157 4078690 2938473 -7942664
-9188149 -4828198 -1315791 9892262
-2710217 4455726 284314 -5989710
-7824104 -1740896 1738659 2875031
2557583 353813 -8315430 5232653
-8596251 -7865509 1386320 -6225822
7399808 4114389 9192153 4800966
-7416104 -864885 -4530401 -8674450
-2996878 -6184084 -3164132 -442046
-4872276 6736012 6748744 7975219
-7263713 36521 6332503 -3968810
5439166 6370981 1169675 9571023
5542620 4208271 -1040189 5788340
-8011264 5090619 -5923078 316521
7200198 -5036202 5630017 -1545740
705668 3848161 -2850802 -8844798
197296 9859289 579569 9906703
2068005 -6441206 -1968631 -8992490
3884302 1417909 5552728 -94353
1465483 -3198254 778100 -8400604
8480981 917984 -7132401 -3490231
-989220 4408062 -3869738 5137690
-769061 -4847911 1857749 7555658
4353722 -1398272 -67626 -2089870
-1632414 -209724 -3434215 -7838055
-6542171 4762197 -9980887 4086372
1966834 -2651266 -3368515 2715686
-1708496 4488365 -1562670 -7041343
-6301173 -9401209 1553380 6555326
-5076133 -4482040 -315042 9610133
6970951 4517751 6418733 2772965
8460888 -1147642 -6699284 3513156
2366275 7333038 5243618 -8929769
-6970016 -8925057 -2082291 -9393492
-9175745 -7386138 -9166208 715861
-6064725 2921759 -9179951 4763520
-271616 5751812 -5811838 7912079
7021791 -9995478 -6539471 7655925
6814520 -1242146 -7106597 5175590
-6821202 5385824 -5890941 -3656905
5881265 -1849223 -1923784 -101162
-6371044 -7913477 -6556895 1781857
-9471446 4556774 6683953 5870824
9293785 8809916 -9526285 -8537000
9461466 5989313 -2164265 8016699
-8749192 -6338659 -3262813 -6190827
-5353455 6786934 1760533 1294079
-935670 -7909544 -9286881 -6686301
4345078 -8960680 5354094 -4500510
4965013 -8090908 5107704 9847581
-8500248 -4865913 -7603099 4484995
-6702184 3902426 -2393131 7659722
4293699 5977907 5587125 1266320
1991529 5078988 1044260 -3878924
-9335502 6585323 -4079800 2748167
-167343 -3991272 73325 1721346
4600488 9721940 4748993 -9688386
-1119028 1825886 -3385342 7224989
-9455747 -4409064 6643403 8179519
-2005571 -6557078 5299974 -2789045
-8235738 7059062 1865182 6255333
-1531845 -4254114 5432456 -4456090
-3303219 -488465 -9159052 -8625959
-5236028 -283116 7209033 -8566165
141509 -1276237 -1655126 -2819925
-8793981 3830497 -7372338 6744933
-7999714 3061274 3199583 -1901485
743811 8335195 5412433 9629896
-4150384 7644315 9901780 -9255076
2312575 -4192040 2630693 6793365
-2750981 -4537731 -2720638 -3405850
-4758453 -2314403 5532358 7450025
-678055 6581307 9146827 -4025333
-8296909 -9272896 -3537524 -9843456
-937345 -4219109 6706828 -7339207
8413045 -8753431 -227724 -1717681
1824960 -4072596 3386282 -9733981
-2372710 -9367545 -5904596 -8542162
969880 8229294 1738752 -9669725
8231841 9547867 -9874867 -688791
-6167734 -6083266 9412434 -7776655
3175492 -7414022 -317273 -3920708
-5894587 -5332384 9463707 7553073
-9860195 4141343 9771905 3738907
-2948276 3011822 -9148523 -3807492
-7727497 333496 9580448 1320506
2777778 -2518275 2363259 4460414
8848961 5665588 1192666 1856544
-522698 -7798531 -2846655 4835114
-2301231 -4248571 -2554198 -1125464
9511697 5180013 4609723 1475721
9432818 4938169 1179904 6549553
8411931 6550243 -8428508 -9482201
-7054907 3960325 -1288943 9290581
-115988 4876773 -3520239 302101
-2876720 8964299 -1401119 -6124939
-4785192 -7243374 5336696 8487802
-9254352 1269906 5419373 -9362205
-8933676 2480183 8036094 -6160462
-9467861 7737583 -8316156 9945249
4932309 5783175 -9138739 -3692310
-3437824 4223732 -2390636 6775461
-1150185 7911944 5866627 7721936
-7489543 623398 587955 7104829
1021666 6492870 1992599 4962490
5
